0 0.039663461538461536 0.21033653846153846 0.07932692307692307 0.18509615384615385
0 0.2800480769230769 0.21995192307692307 0.07211538461538461 0.23076923076923078
0 0.1971153846153846 0.2283653846153846 0.07692307692307693 0.22716346153846154
0 0.8689903846153846 0.234375 0.06971153846153846 0.21514423076923078
0 0.43028846153846156 0.23557692307692307 0.06129807692307692 0.20793269230769232
0 0.35096153846153844 0.23798076923076922 0.042067307692307696 0.20793269230769232
0 0.6213942307692307 0.23798076923076922 0.038461538461538464 0.2247596153846154
0 0.7908653846153846 0.23798076923076922 0.0673076923076923 0.22956730769230768
0 0.5060096153846154 0.23798076923076922 0.06129807692307692 0.20673076923076922
0 0.7271634615384616 0.23798076923076922 0.038461538461538464 0.21514423076923078
0 0.6682692307692307 0.24158653846153846 0.0625 0.20432692307692307
0 0.11899038461538461 0.24519230769230768 0.06971153846153846 0.24759615384615385
0 0.5865384615384616 0.24759615384615385 0.04807692307692308 0.21634615384615385
0 0.33413461538461536 0.5697115384615384 0.09495192307692307 0.2932692307692308
0 0.9411057692307693 0.59375 0.10096153846153846 0.23798076923076922
0 0.8605769230769231 0.5973557692307693 0.055288461538461536 0.2439903846153846
0 0.5612980769230769 0.5973557692307693 0.040865384615384616 0.24639423076923078
0 0.7836538461538461 0.5997596153846154 0.0733173076923077 0.24639423076923078
0 0.49399038461538464 0.6045673076923077 0.07451923076923077 0.25
0 0.6237980769230769 0.6105769230769231 0.06850961538461539 0.25841346153846156
0 0.15504807692307693 0.6213942307692307 0.078125 0.27884615384615385
0 0.2439903846153846 0.6225961538461539 0.06971153846153846 0.2668269230769231
0 0.06370192307692307 0.6262019230769231 0.07932692307692307 0.2848557692307692